1
2
3
4
5
6
7
8
9
10
11
12
13
14
15
16
17
18
19
20
21
22
23
24
25
26
27
28
29
30
31
32
33
34
35
36
37
38
39
40
41
42
43
44
45
46
47
48
49
50
51
52
53
54
55
56
57
58
59
60
61
62
63
64
65
66
67
68
69
70
71
72
73
74
75
76
77
78
79
80
81
82
83
84
85
86
87
88
89
90
91
92
93
94
95
96
97
98
99
100
#
30 90 22
90 30 22
45 95 19
95 45 19
5 37 58
37 5 58
47 71 65
71 47 65
75 82 60
82 75 60
68 59 51
59 68 51
43 69 30
69 43 30
93 39 79
39 93 79
63 48 14
48 63 14
18 63 93
63 18 93
77 75 39
75 77 39
64 22 73
22 64 73
67 4 87
4 67 87
64 32 42
32 64 42
4 27 77
27 4 77
60 93 11
93 60 11
43 97 25
97 43 25
10 94 73
94 10 73
48 54 68
54 48 68
75 96 69
96 75 69
48 39 66
39 48 66
2 99 22
99 2 22
29 24 29
24 29 29
21 15 36
15 21 36
11 58 49
58 11 49
25 94 31
94 25 31
32 11 16
11 32 16
1 34 51
34 1 51
70 68 40
68 70 40
43 2 44
2 43 44
61 95 82
95 61 82
20 21 96
21 20 96
19 100 91
100 19 91
70 4 7
4 70 7
25 11 47
11 25 47
7 43 11
43 7 11
22 51 3
51 22 3
99 70 26
70 99 26
95 22 42
22 95 42
74 92 49
92 74 49
47 65 84
65 47 84
95 53 29
53 95 29
4 9 25
9 4 25
59 97 59
97 59 59
81 25 81
25 81 81
30 14 88
14 30 88
12 74 89
74 12 89
61 60 97
60 61 97
2 50 39
50 2 39
87 93 82
93 87 82
60 97 26
97 60 26
57 34 41
34 57 41
40 33 25
33 40 25
40 7 1
7 40 1
62 63 48
63 62 48
8 42 64
42 8 64
65 67 31
67 65 31
17 14 25
14 17 25
68 47 30
47 68 30
68 67 33
67 68 33
96 8 12
8 96 12
23 79 96
79 23 96
98 22 44
22 98 44
97 22 6
22 97 6
27 11 7
11 27 7
87 72 47
72 87 47
50 87 33
87 50 33
71 9 100
9 71 100
50 94 43
94 50 43
86 4 68
4 86 68
33 7 54
7 33 54
9 96 63
96 9 63
2 18 84
18 2 84
73 85 80
85 73 80
84 43 31
43 84 31
82 27 82
27 82 82
26 47 47
47 26 47
57 13 16
13 57 16
72 4 32
4 72 32
84 17 82
17 84 82
7 13 16
13 7 16
28 9 29
9 28 29
56 57 23
57 56 23
51 69 46
69 51 46
70 51 47
51 70 47
4 99 89
99 4 89
61 79 74
79 61 74
55 73 82
73 55 82
80 4 13
4 80 13
5 46 87
46 5 87
43 93 21
93 43 21
73 79 55
79 73 55
92 16 67
16 92 67
3 76 73
76 3 73
16 30 47
30 16 47
42 32 38
32 42 38
94 54 15
54 94 15
96 24 5
24 96 5
52 12 77
12 52 77
2 10 4
10 2 4
24 87 43
87 24 43
96 40 8
40 96 8
64 94 37
94 64 37
94 74 63
74 94 63
27 99 84
99 27 84
63 78 69
78 63 69
56 51 62
51 56 62
46 31 23
31 46 23
69 21 92
21 69 92
28 11 10
11 28 10
49 42 79
42 49 79
95 39 40
39 95 40
33 75 87
75 33 87
97 16 32
16 97 32
94 59 50
59 94 50
53 25 55
25 53 55
38 27 54
27 38 54
67 22 88
22 67 88
48 20 33
20 48 33
6 49 25
49 6 25
77 78 31
78 77 31
17 70 77
70 17 77
96 57 34
57 96 34
89 35 1
35 89 1
42 85 48
85 42 48
89 34 2
34 89 2
68 22 74
22 68 74
98 95 39
95 98 39
36 22 7
22 36 7
29 2 100
2 29 100
94 70 16
70 94 16
37 75 29
75 37 29
99 13 58
13 99 58
72 39 37
39 72 37
14 76 55
76 14 55
97 5 50
5 97 50
90 54 95
54 90 95
27 25 44
25 27 44
51 58 20
58 51 20
73 100 26
100 73 26
35 76 71
76 35 71
47 39 92
39 47 92
43 26 85
26 43 85
19 10 36
10 19 36
91 32 66
32 91 66
92 5 4
5 92 4
40 93 88
93 40 88
39 36 8
36 39 8
39 15 19
15 39 19
28 70 65
70 28 65
63 43 68
43 63 68
56 25 16
25 56 16
81 3 8
3 81 8
43 51 93
51 43 93
23 61 73
61 23 73
47 57 43
57 47 43
34 74 45
74 34 45
22 85 43
85 22 43
60 33 19
33 60 19
41 53 21
53 41 21
55 56 21
56 55 21
5 48 6
48 5 6
23 93 98
93 23 98
57 12 53
12 57 53
53 16 58
16 53 58
33 100 22
100 33 22
84 52 78
52 84 78
41 32 37
32 41 37
3 77 36
77 3 36
96 37 2
37 96 2
82 16 70
16 82 70
15 42 56
42 15 56
30 73 39
73 30 39
76 41 9
41 76 9
29 27 45
27 29 45
11 51 12
51 11 12
5 68 4
68 5 4
51 39 36
39 51 36
47 46 35
46 47 35
26 20 73
20 26 73
40 63 70
63 40 70
84 35 70
35 84 70
26 98 79
98 26 79
23 74 75
74 23 75
60 36 3
36 60 3
84 88 48
88 84 48
38 84 36
84 38 36
35 21 7
21 35 7
15 66 63
66 15 63
29 46 73
46 29 73
89 69 16
69 89 16
97 9 72
9 97 72
13 83 45
83 13 45
25 54 30
54 25 30
8 88 72
88 8 72
72 85 23
85 72 23
83 12 29
12 83 29
97 65 78
65 97 78
44 25 52
25 44 52
92 76 24
76 92 24
100 4 18
4 100 18
67 62 55
62 67 55
45 51 82
51 45 82
32 5 8
5 32 8
37 79 53
79 37 53
77 76 18
76 77 18
6 58 57
58 6 57
38 8 72
8 38 72
92 3 14
3 92 14
90 41 41
41 90 41
37 61 37
61 37 37
27 86 73
86 27 73
61 54 83
54 61 83
22 93 91
93 22 91
66 6 52
6 66 52
63 58 66
58 63 66
95 15 75
15 95 75
2 70 61
70 2 61
49 15 46
15 49 46
73 95 34
95 73 34
52 1 9
1 52 9
33 90 10
90 33 10
47 1 95
1 47 95
34 22 30
22 34 30
2 91 65
91 2 65
74 35 34
35 74 34
38 28 22
28 38 22
61 57 59
57 61 59
85 59 68
59 85 68
50 17 82
17 50 82
96 7 32
7 96 32
64 21 90
21 64 90
5 61 37
61 5 37
45 72 26
72 45 26
51 82 92
82 51 92
71 73 53
73 71 53
22 45 95
45 22 95
21 37 47
37 21 47
99 88 23
88 99 23
33 93 61
93 33 61
96 58 84
58 96 84
5 26 63
26 5 63
20 22 14
22 20 14
41 29 72
29 41 72
78 96 53
96 78 53
66 53 7
53 66 7
53 10 47
10 53 47
87 36 93
36 87 93
38 51 94
51 38 94
11 77 3
77 11 3
56 49 42
49 56 42
13 68 46
68 13 46
78 65 28
65 78 28
22 23 22
23 22 22
73 74 23
74 73 23
95 68 71
68 95 71
61 15 66
15 61 66
91 8 39
8 91 39
34 50 28
50 34 28
82 88 55
88 82 55
6 39 80
39 6 80
16 28 76
28 16 76
87 95 48
95 87 48
29 48 82
48 29 82
9 19 31
19 9 31
57 39 85
39 57 85
6 54 48
54 6 48
31 26 79
26 31 79
50 32 65
32 50 65
23 34 33
34 23 33
65 91 4
91 65 4
58 36 20
36 58 20
64 80 57
80 64 57
73 69 3
69 73 3
66 22 84
22 66 84
48 60 41
60 48 41
44 83 35
83 44 35
82 90 67
90 82 67
14 43 40
43 14 40
67 15 73
15 67 73
89 97 87
97 89 87
70 59 55
59 70 55
85 65 16
65 85 16
100 8 41
8 100 41
85 92 19
92 85 19
21 23 38
23 21 38
29 87 21
87 29 21
17 18 53
18 17 53
21 13 10
13 21 10
20 59 23
59 20 23
70 56 74
56 70 74
78 37 98
37 78 98
45 89 48
89 45 48
43 34 6
34 43 6
84 42 83
42 84 83
59 81 37
81 59 37
76 19 60
19 76 60
25 90 64
90 25 64
4 82 12
82 4 12
63 98 79
98 63 79
41 9 85
9 41 85
87 7 84
7 87 84
83 56 35
56 83 35
40 67 82
67 40 82
69 100 99
100 69 99
94 99 8
99 94 8
58 93 58
93 58 58
32 1 1
1 32 1
35 49 90
49 35 90
12 59 43
59 12 43
43 57 28
57 43 28
44 46 17
46 44 17
15 20 18
20 15 18
63 91 30
91 63 30
58 77 71
77 58 71
27 47 78
47 27 78
90 83 54
83 90 54
70 78 4
78 70 4
64 54 25
54 64 25
3 64 67
64 3 67
26 90 47
90 26 47
10 1 16
1 10 16
62 28 87
28 62 87
40 17 47
17 40 47
98 64 72
64 98 72
25 36 3
36 25 3
78 25 100
25 78 100
63 85 61
85 63 61
15 91 33
91 15 33
11 95 3
95 11 3
2 34 22
34 2 22
96 18 95
18 96 95
50 26 93
26 50 93
74 52 60
52 74 60
67 63 6
63 67 6
15 65 47
65 15 47
37 71 77
71 37 77
28 72 88
72 28 88
56 14 13
14 56 13
46 95 97
95 46 97
46 52 54
52 46 54
4 60 63
60 4 63
76 96 87
96 76 87
81 85 6
85 81 6
77 50 38
50 77 38
55 14 79
14 55 79
83 26 16
26 83 16
38 35 44
35 38 44
73 10 76
10 73 76
95 42 76
42 95 76
32 13 72
13 32 72
16 6 13
6 16 13
46 13 63
13 46 63
8 9 18
9 8 18
12 76 58
76 12 58
80 70 64
70 80 64
21 45 39
45 21 39
69 8 95
8 69 95
53 94 51
94 53 51
88 30 3
30 88 3
11 99 76
99 11 76
76 53 20
53 76 20
54 43 29
43 54 29
53 72 19
72 53 19
33 20 86
20 33 86
94 16 1
16 94 1
59 35 58
35 59 58
22 100 38
100 22 38
56 6 95
6 56 95
49 8 53
8 49 53
97 53 66
53 97 66
41 84 58
84 41 58
26 66 34
66 26 34
72 42 48
42 72 48
34 72 91
72 34 91
70 49 89
49 70 89
39 34 28
34 39 28
91 72 35
72 91 35
68 80 85
80 68 85
65 62 64
62 65 64
41 47 28
47 41 28
41 39 90
39 41 90
30 64 82
64 30 82
70 41 8
41 70 8
91 92 14
92 91 14
48 41 51
41 48 51
66 85 29
85 66 29
49 5 42
5 49 42
24 11 29
11 24 29
27 95 57
95 27 57
70 52 56
52 70 56
81 72 37
72 81 37
5 95 75
95 5 75
29 78 69
78 29 69
32 94 68
94 32 68
86 72 89
72 86 89
50 8 95
8 50 95
88 27 13
27 88 13
43 100 9
100 43 9
78 85 40
85 78 40
90 51 12
51 90 12
94 8 59
8 94 59
81 21 69
21 81 69
89 81 21
81 89 21
64 37 17
37 64 17
67 91 1
91 67 1
91 19 9
19 91 9
26 68 20
68 26 20
94 12 37
12 94 37
71 97 20
97 71 20
77 93 46
93 77 46
16 4 53
4 16 53
93 74 34
74 93 34
98 3 34
3 98 34
39 35 45
35 39 45
2 54 46
54 2 46
66 60 40
60 66 40
43 74 87
74 43 87
29 60 81
60 29 81
7 54 38
54 7 38
45 3 21
3 45 21
63 100 42
100 63 42
54 68 34
68 54 34
38 87 27
87 38 27
68 84 8
84 68 8
14 51 88
51 14 88
33 37 28
37 33 28
69 5 67
5 69 67
75 55 72
55 75 72
78 8 65
8 78 65
31 50 45
50 31 45
97 28 49
28 97 49
62 11 76
11 62 76
67 100 36
100 67 36
24 93 56
93 24 56
97 70 49
70 97 49
54 83 99
83 54 99
10 21 73
21 10 73
85 30 32
30 85 32
60 81 81
81 60 81
86 30 44
30 86 44
94 83 2
83 94 2
62 8 84
8 62 84
73 65 37
65 73 37
34 6 30
6 34 30
66 18 49
18 66 49
43 48 20
48 43 20
65 5 73
5 65 73
18 31 60
31 18 60
36 80 99
80 36 99
45 63 2
63 45 2
98 25 85
25 98 85
38 83 65
83 38 65
15 48 3
48 15 3
26 88 68
88 26 68
64 14 46
14 64 46
92 81 93
81 92 93
69 35 84
35 69 84
74 86 42
86 74 42
95 82 10
82 95 10
69 9 91
9 69 91
8 87 88
87 8 88
53 89 99
89 53 99
47 2 83
2 47 83
50 41 80
41 50 80
65 30 98
30 65 98
14 54 12
54 14 12
88 32 69
32 88 69
11 82 59
82 11 59
18 42 85
42 18 85
85 45 84
45 85 84
34 28 88
28 34 88
68 62 84
62 68 84
72 22 71
22 72 71
94 38 53
38 94 53
77 20 1
20 77 1
84 45 8
45 84 8
29 22 48
22 29 48
16 93 87
93 16 87
35 70 73
70 35 73
64 83 20
83 64 20
26 46 88
46 26 88
8 48 37
48 8 37
1 8 77
8 1 77
60 52 49
52 60 49
47 29 1
29 47 1
30 4 85
4 30 85
4 78 39
78 4 39
9 1 19
1 9 19
16 98 55
98 16 55
25 71 44
71 25 44
66 2 9
2 66 9
55 12 8
12 55 8
54 82 35
82 54 35
91 42 14
42 91 14
15 16 90
16 15 90
44 98 95
98 44 95
100 3 46
3 100 46
88 64 81
64 88 81
42 68 25
68 42 25
54 11 24
11 54 24
11 55 54
55 11 54
30 49 77
49 30 77
55 41 71
41 55 71
13 98 10
98 13 10
13 27 57
27 13 57
83 37 21
37 83 21
22 73 47
73 22 47
71 55 12
55 71 12
65 75 11
75 65 11
77 73 23
73 77 23
47 99 79
99 47 79
30 59 67
59 30 67
35 44 48
44 35 48
51 93 5
93 51 5
9 23 81
23 9 81
14 22 55
22 14 55
6 57 73
57 6 73
100 83 15
83 100 15
17 42 44
42 17 44
63 42 94
42 63 94
3 42 95
42 3 95
80 74 18
74 80 18
23 89 29
89 23 29
54 27 30
27 54 30
69 66 75
66 69 75
24 28 25
28 24 25
45 18 6
18 45 6
19 70 87
70 19 87
98 78 42
78 98 42
45 60 80
60 45 80
14 40 9
40 14 9
36 98 33
98 36 33
77 74 42
74 77 42
93 85 61
85 93 61
58 3 97
3 58 97
56 71 33
71 56 33
23 28 38
28 23 38
32 4 42
4 32 42
28 30 19
30 28 19
11 67 75
67 11 75
31 63 38
63 31 38
69 94 6
94 69 6
3 48 11
48 3 11
18 5 64
5 18 64
7 65 30
65 7 30
37 84 45
84 37 45
95 20 46
20 95 46
44 95 80
95 44 80
72 30 47
30 72 47
89 48 46
48 89 46
69 48 41
48 69 41
61 74 54
74 61 54
95 9 45
9 95 45
67 20 91
20 67 91
15 32 66
32 15 66
83 32 6
32 83 6
71 46 47
46 71 47
10 74 57
74 10 57
16 40 56
40 16 56
48 58 95
58 48 95
2 42 4
42 2 4
40 70 18
70 40 18
69 82 69
82 69 69
98 33 26
33 98 26
44 22 7
22 44 7
45 25 60
25 45 60
18 53 1
53 18 1
44 99 49
99 44 49
99 56 90
56 99 90
4 29 32
29 4 32
66 20 45
20 66 45
79 85 41
85 79 41
53 85 35
85 53 35
5 4 45
4 5 45
38 73 69
73 38 69
50 100 25
100 50 25
27 56 36
56 27 36
29 12 6
12 29 6
43 52 96
52 43 96
19 72 23
72 19 23
77 29 74
29 77 74
3 97 77
97 3 77
9 59 84
59 9 84
9 33 29
33 9 29
92 97 23
97 92 23
8 23 58
23 8 58
31 37 90
37 31 90
36 11 82
11 36 82
12 15 45
15 12 45
39 91 85
91 39 85
88 36 25
36 88 25
95 25 100
25 95 100
37 65 78
65 37 78
8 76 52
76 8 52
83 73 36
73 83 36
72 8 15
8 72 15
14 38 84
38 14 84
82 92 68
92 82 68
18 58 72
58 18 72
77 41 50
41 77 50
12 72 68
72 12 68
89 18 77
18 89 77
15 84 51
84 15 51
24 14 5
14 24 5
76 42 97
42 76 97
68 65 17
65 68 17
54 81 26
81 54 26
69 10 81
10 69 81
19 55 62
55 19 62
73 5 75
5 73 75
29 98 8
98 29 8
67 52 41
52 67 41
62 5 17
5 62 17
72 16 62
16 72 62
77 36 81
36 77 81
56 59 12
59 56 12
50 61 96
61 50 96
26 76 29
76 26 29
93 90 1
90 93 1
39 63 89
63 39 89
75 62 4
62 75 4
93 91 59
91 93 59
14 83 5
83 14 5
83 46 39
46 83 39
3 59 4
59 3 4
47 40 8
40 47 8
40 46 82
46 40 82
54 51 40
51 54 40
57 98 69
98 57 69
50 37 22
37 50 22
29 73 33
73 29 33
7 63 78
63 7 78
66 65 36
65 66 36
90 22 72
22 90 72
29 59 22
59 29 22
34 11 47
11 34 47
47 43 67
43 47 67
69 77 29
77 69 29
39 73 7
73 39 7
22 83 94
83 22 94
35 93 50
93 35 50
37 3 14
3 37 14
64 45 78
45 64 78
18 65 70
65 18 70
21 17 11
17 21 11
21 12 65
12 21 65
44 45 79
45 44 79
93 81 56
81 93 56
58 33 29
33 58 29
96 53 67
53 96 67
90 27 5
27 90 5
54 20 86
20 54 86
92 1 18
1 92 18
64 23 91
23 64 91
85 83 27
83 85 27
92 4 7
4 92 7
58 69 35
69 58 35
67 48 92
48 67 92
95 3 24
3 95 24
26 53 67
53 26 67
92 96 26
96 92 26
88 31 70
31 88 70
73 47 58
47 73 58
16 1 79
1 16 79
81 27 68
27 81 68
43 78 26
78 43 26
86 90 56
90 86 56
95 7 14
7 95 14
52 40 86
40 52 86
57 49 27
49 57 27
33 16 48
16 33 48
21 95 68
95 21 68
80 28 25
28 80 25
46 72 71
72 46 71
87 71 58
71 87 58
67 70 7
70 67 7
52 48 3
48 52 3
86 73 54
73 86 54
45 37 38
37 45 38
56 87 98
87 56 98
37 4 37
4 37 37
78 30 30
30 78 30
96 87 44
87 96 44
79 78 48
78 79 48
2 93 85
93 2 85
95 38 7
38 95 7
11 63 27
63 11 27
79 98 95
98 79 95
8 92 47
92 8 47
33 3 73
3 33 73
78 17 6
17 78 6
53 68 44
68 53 44
92 52 71
52 92 71
4 90 43
90 4 43
31 89 28
89 31 28
59 34 67
34 59 67
70 98 33
98 70 33
99 28 87
28 99 87
39 16 37
16 39 37
80 89 100
89 80 100
34 68 88
68 34 88
77 21 78
21 77 78
27 71 51
71 27 51
93 41 35
41 93 35
58 82 94
82 58 94
6 99 29
99 6 29
19 66 5
66 19 5
24 47 86
47 24 86
3 21 25
21 3 25
70 16 49
16 70 49
55 7 32
7 55 32
73 52 96
52 73 96
85 44 23
44 85 23
5 82 54
82 5 54
99 58 29
58 99 29
24 51 91
51 24 91
80 26 43
26 80 43
60 79 80
79 60 80
86 71 10
71 86 10
90 69 77
69 90 77
32 85 27
85 32 27
89 74 30
74 89 30
36 95 66
95 36 66
24 13 1
13 24 1
24 79 27
79 24 27
16 49 11
49 16 11
9 29 76
29 9 76
28 12 37
12 28 37
27 18 94
18 27 94
8 82 45
82 8 45
6 48 22
48 6 22
85 4 53
4 85 53
83 69 61
69 83 61
53 83 21
83 53 21
76 21 8
21 76 8
66 40 41
40 66 41
7 36 91
36 7 91
78 46 95
46 78 95
34 90 31
90 34 31
86 82 28
82 86 28
84 46 61
46 84 61
97 13 81
13 97 81
51 74 21
74 51 21
24 7 80
7 24 80
48 37 27
37 48 27
42 87 58
87 42 58
25 52 85
52 25 85
46 75 46
75 46 46
12 5 97
5 12 97
28 74 91
74 28 91
82 70 13
70 82 13
88 61 91
61 88 91
57 22 91
22 57 91
100 16 99
16 100 99
35 11 58
11 35 58
14 12 24
12 14 24
48 80 88
80 48 88
99 93 45
93 99 45
1 26 8
26 1 8
59 41 49
41 59 49
43 76 98
76 43 98
48 61 20
61 48 20
79 74 84
74 79 84
71 8 30
8 71 30
94 60 83
60 94 83
61 98 26
98 61 26
26 40 33
40 26 33
73 8 2
8 73 2
45 73 54
73 45 54
30 87 48
87 30 48
46 14 45
14 46 45
79 28 44
28 79 44
74 18 17
18 74 17
17 8 50
8 17 50
68 98 90
98 68 90
38 55 100
55 38 100
40 91 92
91 40 92
39 88 27
88 39 27
84 48 12
48 84 12
9 54 93
54 9 93
56 43 75
43 56 75
89 95 61
95 89 61
28 57 45
57 28 45
20 4 30
4 20 30
64 15 40
15 64 40
61 26 73
26 61 73
48 17 92
17 48 92
59 63 87
63 59 87
41 79 93
79 41 93
84 75 34
75 84 34
19 84 37
84 19 37
80 42 12
42 80 12
13 30 9
30 13 9
34 32 62
32 34 62
32 6 79
6 32 79
95 70 90
70 95 90
98 48 91
48 98 91
41 61 87
61 41 87
58 76 73
76 58 73
42 11 11
11 42 11
26 59 51
59 26 51
93 92 59
92 93 59
67 19 1
19 67 1
6 23 8
23 6 8
41 13 26
13 41 26
11 53 67
53 11 67
17 37 25
37 17 25
92 67 9
67 92 9
60 16 96
16 60 96
71 31 56
31 71 56
47 3 22
3 47 22
62 80 72
80 62 72
29 81 95
81 29 95
21 18 85
18 21 85
6 55 79
55 6 79
49 65 96
65 49 96
11 16 62
16 11 62
52 99 2
99 52 2
7 67 41
67 7 41
64 17 35
17 64 35
1 22 34
22 1 34
80 8 2
8 80 2
27 17 94
17 27 94
51 88 81
88 51 81
4 8 80
8 4 80
9 26 41
26 9 41
74 71 70
71 74 70
93 11 13
11 93 13
33 66 50
66 33 50
6 90 77
90 6 77
83 75 91
75 83 91
68 8 90
8 68 90
77 33 42
33 77 42
89 15 36
15 89 36
78 97 29
97 78 29
2 57 75
57 2 75
62 64 89
64 62 89
86 23 97
23 86 97
48 86 100
86 48 100
82 80 86
80 82 86
67 46 72
46 67 72
57 45 94
45 57 94
8 95 10
95 8 10
100 61 6
61 100 6
31 90 88
90 31 88
98 80 24
80 98 24
52 37 72
37 52 72
64 13 36
13 64 36
54 46 1
46 54 1
35 19 63
19 35 63
12 97 42
97 12 42
63 15 65
15 63 65
10 4 57
4 10 57
56 19 8
19 56 8
43 50 11
50 43 11
51 46 35
46 51 35
98 96 37
96 98 37
88 94 82
94 88 82
70 1 25
1 70 25
65 94 84
94 65 84
74 15 33
15 74 33
9 57 27
57 9 27
48 13 77
13 48 77
90 18 41
18 90 41
70 23 49
23 70 49
83 15 97
15 83 97
73 13 73
13 73 73
17 96 71
96 17 71
4 68 65
68 4 65
14 85 92
85 14 92
58 71 35
71 58 35
38 17 74
17 38 74
85 8 9
8 85 9
66 24 94
24 66 94
3 46 90
46 3 90
19 31 69
31 19 69
1 30 44
30 1 44
57 76 14
76 57 14
28 85 16
85 28 16
28 39 6
39 28 6
92 7 16
7 92 16
30 99 19
99 30 19
94 93 6
93 94 6
79 9 23
9 79 23
91 12 7
12 91 7
17 53 66
53 17 66
60 15 60
15 60 60
53 14 55
14 53 55
88 24 39
24 88 39
13 38 6
38 13 6
32 33 40
33 32 40
16 22 51
22 16 51
95 90 20
90 95 20
31 91 51
91 31 51
31 3 2
3 31 2
68 57 52
57 68 52
27 66 40
66 27 40
42 55 93
55 42 93
20 17 25
17 20 25
80 96 29
96 80 29
46 90 55
90 46 55
92 64 2
64 92 2
76 64 4
64 76 4
32 19 100
19 32 100
51 5 59
5 51 59
88 54 85
54 88 85
36 65 10
65 36 10
96 34 62
34 96 62
7 34 44
34 7 44
50 18 96
18 50 96
72 71 70
71 72 70
97 84 49
84 97 49
70 8 9
8 70 9
90 85 94
85 90 94
24 8 67
8 24 67
3 79 46
79 3 46
19 41 56
41 19 56
5 93 3
93 5 3
56 100 85
100 56 85
16 80 82
80 16 82
75 90 58
90 75 58
45 58 43
58 45 43
46 63 18
63 46 18
38 98 86
98 38 86
32 49 75
49 32 75
40 41 69
41 40 69
2 85 48
85 2 48
32 30 76
30 32 76
51 75 38
75 51 38
14 96 92
96 14 92
1 2 33
2 1 33
83 67 85
67 83 85
44 77 53
77 44 53
36 59 23
59 36 23
27 34 69
34 27 69
56 63 21
63 56 21
95 40 21
40 95 21
60 8 84
8 60 84
83 36 40
36 83 40
10 43 20
43 10 20
38 23 48
23 38 48
63 66 52
66 63 52
79 82 28
82 79 28
2 59 10
59 2 10
55 34 55
34 55 55
10 9 42
9 10 42
96 36 44
36 96 44
87 3 67
3 87 67
86 69 34
69 86 34
67 75 88
75 67 88
65 2 82
2 65 82
26 70 9
70 26 9
87 59 7
59 87 7
10 80 77
80 10 77
18 98 21
98 18 21
80 40 62
40 80 62
99 72 65
72 99 65
3 75 72
75 3 72
81 48 2
48 81 2
14 82 56
82 14 56
2 13 12
13 2 12
5 53 17
53 5 17
69 31 78
31 69 78
26 19 19
19 26 19
32 38 89
38 32 89
20 7 49
7 20 49
44 93 31
93 44 31
75 64 95
64 75 95
7 11 6
11 7 6
29 14 17
14 29 17
68 15 64
15 68 64
27 80 12
80 27 12
35 60 55
60 35 55
78 38 98
38 78 98
16 85 32
85 16 32
49 53 82
53 49 82
17 33 77
33 17 77
33 91 40
91 33 40
14 2 54
2 14 54
85 55 18
55 85 18
31 98 91
98 31 91
14 62 72
62 14 72
16 76 49
76 16 49
37 19 97
19 37 97
22 41 44
41 22 44
11 88 44
88 11 44
39 87 24
87 39 24
79 46 49
46 79 49
68 69 12
69 68 12
39 68 63
68 39 63
16 14 18
14 16 18
28 49 87
49 28 87
6 27 10
27 6 10
66 86 42
86 66 42
87 18 22
18 87 22
17 41 21
41 17 21
82 46 14
46 82 14
16 99 51
99 16 51
7 97 55
97 7 55
74 7 22
7 74 22
29 89 23
89 29 23
71 88 18
88 71 18
61 85 77
85 61 77
6 80 47
80 6 47
56 33 97
33 56 97
84 12 28
12 84 28
89 65 1
65 89 1
66 91 79
91 66 79
13 3 94
3 13 94
30 55 66
55 30 66
61 73 17
73 61 17
100 51 85
51 100 85
19 3 96
3 19 96
94 2 61
2 94 61
39 5 87
5 39 87
40 21 55
21 40 55
29 8 36
8 29 36
97 38 48
38 97 48
82 9 70
9 82 70
69 1 3
1 69 3
95 97 21
97 95 21
65 79 4
79 65 4
93 88 74
88 93 74
35 58 34
58 35 34
90 94 82
94 90 82
88 68 36
68 88 36
44 88 22
88 44 22
33 99 89
99 33 89
51 8 60
8 51 60
96 68 58
68 96 58
66 78 2
78 66 2
56 40 5
40 56 5
89 44 18
44 89 18
95 75 61
75 95 61
20 69 85
69 20 85
94 85 67
85 94 67
68 48 47
48 68 47
50 4 45
4 50 45
23 43 69
43 23 69
75 35 60
35 75 60
61 89 90
89 61 90
94 9 42
9 94 42
26 69 67
69 26 67
52 55 12
55 52 12
69 4 83
4 69 83
26 30 44
30 26 44
28 5 89
5 28 89
53 71 47
71 53 47
15 9 29
9 15 29
30 92 33
92 30 33
24 73 75
73 24 75
59 60 50
60 59 50
19 69 52
69 19 52
64 63 76
63 64 76
80 44 66
44 80 66
22 31 32
31 22 32
56 85 2
85 56 2
36 2 20
2 36 20
87 69 80
69 87 80
62 57 55
57 62 55
49 3 19
3 49 19
67 13 91
13 67 91
36 43 92
43 36 92
68 100 47
100 68 47
28 37 86
37 28 86
86 37 37
37 86 37
29 18 64
18 29 64
72 82 6
82 72 6
51 65 38
65 51 38
6 71 27
71 6 27
84 7 90
7 84 90
89 21 56
21 89 56
30 53 91
53 30 91
64 48 84
48 64 84
87 85 85
85 87 85
89 28 76
28 89 76
74 40 37
40 74 37
90 80 10
80 90 10
26 6 13
6 26 13
49 67 99
67 49 99
78 9 65
9 78 65
96 47 9
47 96 9
78 95 10
95 78 10
33 21 51
21 33 51
63 55 36
55 63 36
68 6 13
6 68 13
88 1 85
1 88 85
33 48 58
48 33 58
61 64 86
64 61 86
60 73 40
73 60 40
11 43 62
43 11 62
47 70 67
70 47 67
91 10 95
10 91 95
5 50 13
50 5 13
83 66 62
66 83 62
11 71 82
71 11 82
29 58 7
58 29 7
14 66 56
66 14 56
52 38 54
38 52 54
1 31 76
31 1 76
33 79 78
79 33 78
73 37 47
37 73 47
79 19 4
19 79 4
78 69 98
69 78 98
75 53 13
53 75 13
32 56 44
56 32 44
41 95 12
95 41 12
34 85 40
85 34 40
25 15 12
15 25 12
76 29 31
29 76 31
76 28 51
28 76 51
49 61 17
61 49 17
54 52 8
52 54 8
50 90 75
90 50 75
63 13 1
13 63 1
27 24 40
24 27 40
74 83 27
83 74 27
84 51 35
51 84 35
42 59 86
59 42 86
43 46 27
46 43 27
77 88 100
88 77 100
99 76 94
76 99 94
98 90 79
90 98 79
8 16 32
16 8 32
23 56 99
56 23 99
83 76 18
76 83 18
1 56 31
56 1 31
90 57 65
57 90 65
75 100 7
100 75 7
60 96 58
96 60 58
18 11 9
11 18 9
76 88 47
88 76 47
57 70 94
70 57 94
28 90 44
90 28 44
1 66 96
66 1 96
36 71 59
71 36 59
62 98 61
98 62 61
74 9 32
9 74 32
33 80 35
80 33 35
90 87 33
87 90 33
91 74 25
74 91 25
83 51 27
51 83 27
93 71 64
71 93 64
11 56 52
56 11 52
78 5 12
5 78 12
8 46 61
46 8 61
41 34 34
34 41 34
52 65 52
65 52 52
77 92 88
92 77 88
44 52 35
52 44 35
93 29 93
29 93 93
21 75 28
75 21 28
13 81 66
81 13 66
73 67 88
67 73 88
65 88 53
88 65 53
81 95 97
95 81 97
95 17 88
17 95 88
37 77 20
77 37 20
2 68 43
68 2 43
60 12 9
12 60 9
8 93 56
93 8 56
35 64 67
64 35 67
91 16 41
16 91 41
5 85 66
85 5 66
33 86 60
86 33 60
3 53 22
53 3 22
30 29 25
29 30 25
75 50 75
50 75 75
13 80 42
80 13 42
24 78 33
78 24 33
84 100 79
100 84 79
66 95 21
95 66 21
27 31 26
31 27 26
5 57 98
57 5 98
30 12 97
12 30 97
94 33 32
33 94 32
33 15 43
15 33 43
87 62 89
62 87 89
86 41 27
41 86 27
75 80 50
80 75 50
46 20 95
20 46 95
76 81 83
81 76 83
26 49 6
49 26 6
22 92 68
92 22 68
63 94 97
94 63 97
48 95 14
95 48 14
85 26 81
26 85 81
6 45 85
45 6 85
27 55 87
55 27 87
90 23 22
23 90 22
35 17 56
17 35 56
72 41 82
41 72 82
97 98 51
98 97 51
84 77 43
77 84 43
32 72 74
72 32 74
43 21 93
21 43 93
81 56 2
56 81 2
32 96 47
96 32 47
57 95 81
95 57 81
37 85 11
85 37 11
61 78 66
78 61 66
97 94 88
94 97 88
92 66 100
66 92 100
5 54 94
54 5 94
74 22 62
22 74 62
32 59 39
59 32 39
45 59 34
59 45 34
23 76 44
76 23 44
51 3 19
3 51 19
89 52 92
52 89 92
41 16 61
16 41 61
96 42 92
42 96 92
36 100 47
100 36 47
68 44 61
44 68 61
91 27 79
27 91 79
61 24 30
24 61 30
41 68 81
68 41 81
96 51 88
51 96 88
49 74 61
74 49 61
43 67 14
67 43 14
73 21 91
21 73 91
10 85 85
85 10 85
9 87 69
87 9 69
37 63 61
63 37 61
93 65 19
65 93 19
85 9 4
9 85 4
14 35 41
35 14 41
89 77 67
77 89 67
72 79 43
79 72 43
57 11 39
11 57 39
96 30 92
30 96 92
8 79 41
79 8 41
85 21 47
21 85 47
75 45 85
45 75 85
98 87 35
87 98 35
39 1 19
1 39 19
63 23 17
23 63 17
50 20 36
20 50 36
79 39 18
39 79 18
75 57 47
57 75 47
94 52 61
52 94 61
13 31 6
31 13 6
87 88 79
88 87 79
73 49 39
49 73 39
99 25 13
25 99 13
96 100 66
100 96 66
96 6 14
6 96 14
47 80 99
80 47 99
79 91 64
91 79 64
16 64 10
64 16 10
84 11 45
11 84 45
100 41 84
41 100 84
40 28 8
28 40 8
17 56 53
56 17 53
90 21 74
21 90 74
19 99 63
99 19 63
32 99 33
99 32 33
39 65 31
65 39 31
73 28 17
28 73 17
74 42 67
42 74 67
86 54 4
54 86 4
66 62 16
62 66 16
66 10 11
10 66 11
20 30 79
30 20 79
100 57 45
57 100 45
57 59 45
59 57 45
61 67 7
67 61 7
64 12 39
12 64 39
55 78 66
78 55 66
21 100 18
100 21 18
93 48 51
48 93 51
76 52 62
52 76 62
82 56 96
56 82 96
97 74 23
74 97 23
26 24 39
24 26 39
2 95 16
95 2 16
60 50 55
50 60 55
80 84 67
84 80 67
79 17 16
17 79 16
3 96 54
96 3 54
99 67 83
67 99 83
36 73 95
73 36 95
51 79 54
79 51 54
86 89 3
89 86 3
25 85 69
85 25 69
100 27 61
27 100 61
10 72 26
72 10 26
27 42 80
42 27 80
58 98 51
98 58 51
23 83 43
83 23 43
75 71 67
71 75 67
62 24 11
24 62 11
100 78 9
78 100 9
72 23 100
23 72 100
32 54 52
54 32 52
100 92 90
92 100 90
94 23 88
23 94 88
77 25 61
25 77 61
65 56 16
56 65 16
37 90 30
90 37 30
78 76 100
76 78 100
79 25 91
25 79 91
1 53 37
53 1 37
59 55 58
55 59 58
66 28 65
28 66 65
89 24 90
24 89 90
23 92 28
92 23 28
28 31 23
31 28 23
61 62 92
62 61 92
35 41 49
41 35 49
74 38 8
38 74 8
49 82 71
82 49 71
89 72 21
72 89 21
69 54 75
54 69 75
16 44 50
44 16 50
2 33 11
33 2 11
60 5 36
5 60 36
4 58 33
58 4 33
67 87 75
87 67 75
4 35 3
35 4 3
85 52 37
52 85 37
52 50 28
50 52 28
100 42 12
42 100 12
83 88 31
88 83 31
95 100 34
100 95 34
32 39 34
39 32 34
10 87 10
87 10 10
41 7 5
7 41 5
35 94 69
94 35 69
35 62 49
62 35 49
71 13 99
13 71 99
1 14 1
14 1 1
11 44 62
44 11 62
19 40 90
40 19 90
3 74 72
74 3 72
97 77 23
77 97 23
59 8 46
8 59 46
37 66 64
66 37 64
39 29 77
29 39 77
34 71 2
71 34 2
42 82 47
82 42 47
38 15 75
15 38 75
23 57 35
57 23 35
65 27 37
27 65 37
23 12 36
12 23 36
55 1 25
1 55 25
99 92 64
92 99 64
59 18 4
18 59 4
25 29 47
29 25 47
33 82 58
82 33 58
40 6 53
6 40 53
99 97 2
97 99 2
92 54 100
54 92 100
36 54 28
54 36 28
72 27 92
27 72 92
12 39 72
39 12 72
42 5 57
5 42 57
1 72 32
72 1 32
45 80 100
80 45 100
46 59 13
59 46 13
24 30 93
30 24 93
44 64 65
64 44 65
9 76 99
76 9 99
4 61 77
61 4 77
66 54 90
54 66 90
44 74 4
74 44 4
5 40 98
40 5 98
74 20 84
20 74 84
53 69 31
69 53 31
9 49 35
49 9 35
15 71 89
71 15 89
34 5 1
5 34 1
25 3 91
3 25 91
25 34 2
34 25 2
78 2 14
2 78 14
67 37 52
37 67 52
21 11 65
11 21 65
83 98 60
98 83 60
50 22 24
22 50 24
83 35 48
35 83 48
70 6 6
6 70 6
93 76 63
76 93 63
73 23 76
23 73 76
44 81 88
81 44 88
4 14 32
14 4 32
55 83 81
83 55 81
6 31 91
31 6 91
43 53 36
53 43 36
53 65 7
65 53 7
66 52 86
52 66 86
22 80 99
80 22 99
1 86 7
86 1 7
96 88 16
88 96 16
65 24 71
24 65 71
91 75 39
75 91 39
67 76 10
76 67 10
79 67 74
67 79 74
52 33 27
33 52 27
27 14 76
14 27 76
1 33 66
33 1 66
45 65 33
65 45 33
69 59 90
59 69 90
30 18 76
18 30 76
63 93 5
93 63 5
87 60 37
60 87 37
2 35 21
35 2 21
20 37 72
37 20 72
33 4 6
4 33 6
34 94 36
94 34 36
17 47 80
47 17 80
54 18 12
18 54 12
78 26 38
26 78 38
21 19 63
19 21 63
29 38 85
38 29 85
57 99 76
99 57 76
21 71 77
71 21 77
50 13 100
13 50 100
75 2 34
2 75 34
10 76 71
76 10 71
28 47 90
47 28 90
68 79 54
79 68 54
35 32 37
32 35 37
18 15 6
15 18 6
87 48 28
48 87 28
12 85 35
85 12 35
77 59 100
59 77 100
72 14 84
14 72 84
3 90 66
90 3 66
97 85 89
85 97 89
65 33 19
33 65 19
70 27 60
27 70 60
85 31 71
31 85 71
55 84 40
84 55 40
40 89 52
89 40 52
6 75 63
75 6 63
97 80 97
80 97 97
23 71 11
71 23 11
87 23 45
23 87 45
77 1 57
1 77 57
1 44 35
44 1 35
74 45 27
45 74 27
41 73 64
73 41 64
76 30 54
30 76 54
25 28 85
28 25 85
12 36 77
36 12 77
32 65 89
65 32 89
55 8 82
8 55 82
80 5 83
5 80 83
93 61 75
61 93 75
67 93 99
93 67 99
88 72 66
72 88 66
11 52 38
52 11 38
50 36 45
36 50 45
80 65 3
65 80 3
19 6 69
6 19 69
95 16 95
16 95 95
70 76 67
76 70 67
35 40 60
40 35 60
50 95 7
95 50 7
74 63 75
63 74 75
49 24 55
24 49 55
56 89 94
89 56 94
85 38 64
38 85 64
23 41 44
41 23 44
94 7 63
7 94 63
50 38 71
38 50 71
20 62 29
62 20 29
90 29 7
29 90 7
86 100 58
100 86 58
80 30 66
30 80 66
44 39 94
39 44 94
20 43 26
43 20 26
34 47 36
47 34 36
65 26 3
26 65 3
93 47 26
47 93 26
88 2 55
2 88 55
73 26 19
26 73 19
13 8 11
8 13 11
76 4 54
4 76 54
17 99 82
99 17 82
14 32 82
32 14 82
84 95 42
95 84 42
67 85 12
85 67 12
38 24 15
24 38 15
44 75 37
75 44 37
10 92 57
92 10 57
58 62 92
62 58 92
7 68 92
68 7 92
30 91 59
91 30 59
44 92 64
92 44 64
78 84 67
84 78 67
17 98 91
98 17 91
96 67 63
67 96 63
37 13 61
13 37 61
82 67 77
67 82 77
72 93 40
93 72 40
62 55 79
55 62 79
92 59 18
59 92 18
60 37 56
37 60 56
56 66 3
66 56 3
48 74 99
74 48 99
22 86 17
86 22 17
47 6 85
6 47 85
36 20 69
20 36 69
26 100 81
100 26 81
91 76 100
76 91 100
31 97 26
97 31 26
1 90 60
90 1 60
3 93 45
93 3 45
24 12 52
12 24 52
44 56 72
56 44 72
67 36 37
36 67 37
11 73 2
73 11 2
68 56 72
56 68 72
6 43 78
43 6 78
58 72 66
72 58 66
37 98 7
98 37 7
19 98 31
98 19 31
75 98 98
98 75 98
24 17 59
17 24 59
86 3 56
3 86 56
60 14 60
14 60 60
32 66 34
66 32 34
1 76 77
76 1 77
91 59 81
59 91 81
66 4 35
4 66 35
40 75 24
75 40 24
61 97 71
97 61 71
13 40 88
40 13 88
36 72 51
72 36 51
51 7 83
7 51 83
49 41 42
41 49 42
28 52 63
52 28 63
73 87 24
87 73 24
47 91 45
91 47 45
36 21 44
21 36 44
64 29 88
29 64 88
38 60 93
60 38 93
84 98 81
98 84 81
77 90 4
90 77 4
82 98 8
98 82 8
10 84 41
84 10 41
82 99 24
99 82 24
93 68 51
68 93 51
69 30 5
30 69 5
15 24 13
24 15 13
81 70 46
70 81 46
30 57 97
57 30 97
26 79 83
79 26 83
49 40 41
40 49 41
38 46 67
46 38 67
43 38 73
38 43 73
33 22 18
22 33 18
58 54 10
54 58 10
39 60 77
60 39 77
77 10 17
10 77 17
35 34 67
34 35 67
70 66 58
66 70 58
47 19 33
19 47 33
6 85 8
85 6 8
65 41 44
41 65 44
31 23 100
23 31 100
78 82 62
82 78 62
13 85 66
85 13 66
16 34 26
34 16 26
63 38 38
38 63 38
66 98 29
98 66 29
20 10 15
10 20 15
100 55 26
55 100 26
24 18 38
18 24 38
59 27 45
27 59 45
13 43 8
43 13 8
62 44 53
44 62 53
59 44 37
44 59 37
81 35 71
35 81 71
14 93 63
93 14 63
64 33 53
33 64 53
11 80 80
80 11 80
12 8 89
8 12 89
100 65 44
65 100 44
48 76 35
76 48 35
73 99 12
99 73 12
57 92 41
92 57 41
26 18 41
18 26 41
82 23 57
23 82 57
72 24 13
24 72 13
32 25 84
25 32 84
34 63 47
63 34 47
27 67 25
67 27 25
1 37 63
37 1 63
2 61 43
61 2 43
15 13 22
13 15 22
39 30 11
30 39 11
17 10 74
10 17 74
9 61 11
61 9 11
41 30 44
30 41 44
46 36 9
36 46 9
23 65 38
65 23 38
32 45 15
45 32 15
73 42 98
42 73 98
92 56 73
56 92 73
71 82 75
82 71 75
27 68 86
68 27 86
7 4 46
4 7 46
5 89 31
89 5 31
27 16 94
16 27 94
56 94 99
94 56 99
18 36 19
36 18 19
59 98 67
98 59 67
59 1 81
1 59 81
43 65 7
65 43 7
90 79 17
79 90 17
56 84 24
84 56 24
73 97 69
97 73 69
3 63 38
63 3 38
12 71 84
71 12 84
74 46 42
46 74 42
96 13 54
13 96 54
91 3 46
3 91 46
35 98 70
98 35 70
54 74 35
74 54 35
55 28 79
28 55 79
5 11 7
11 5 7
28 44 28
44 28 28
28 1 92
1 28 92
29 26 96
26 29 96
77 39 13
39 77 13
70 79 87
79 70 87
84 14 28
14 84 28
27 30 62
30 27 62
62 13 58
13 62 58
44 91 53
91 44 53
39 64 90
64 39 90
54 38 60
38 54 60
46 99 45
99 46 45
24 74 47
74 24 47
48 10 42
10 48 42
96 22 66
22 96 66
22 25 92
25 22 92
90 32 27
32 90 27
63 77 11
77 63 11
30 98 2
98 30 2
40 38 36
38 40 36
13 78 63
78 13 63
75 43 99
43 75 99
16 54 89
54 16 89
19 86 76
86 19 76
49 25 25
25 49 25
58 19 26
19 58 26
38 59 6
59 38 6
99 49 72
49 99 72
54 72 14
72 54 14
38 5 65
5 38 65
81 10 93
10 81 93
62 53 50
53 62 50
27 9 36
9 27 36
55 70 30
70 55 30
62 60 11
60 62 11
86 52 10
52 86 10
19 60 29
60 19 29
91 98 92
98 91 92
38 56 28
56 38 28
55 3 84
3 55 84
50 86 10
86 50 10
18 32 26
32 18 26
32 63 16
63 32 16
5 23 7
23 5 7
51 41 22
41 51 22
58 56 54
56 58 54
9 22 58
22 9 58
53 70 1
70 53 1
37 51 72
51 37 72
90 71 42
71 90 42
61 16 39
16 61 39
69 67 22
67 69 22
82 53 97
53 82 97
57 33 23
33 57 23
54 41 57
41 54 57
10 13 48
13 10 48
36 31 14
31 36 14
49 60 28
60 49 28
60 80 41
80 60 41
3 15 17
15 3 17
21 24 98
24 21 98
43 85 68
85 43 68
81 24 43
24 81 43
49 22 43
22 49 43
48 47 19
47 48 19
27 10 43
10 27 43
58 41 92
41 58 92
88 34 12
34 88 12
97 24 84
24 97 84
58 79 41
79 58 41
92 17 55
17 92 55
42 75 52
75 42 52
52 63 35
63 52 35
97 33 100
33 97 100
19 88 28
88 19 28
44 70 12
70 44 12
10 100 13
100 10 13
92 75 80
75 92 80
47 42 53
42 47 53
42 48 11
48 42 11
55 26 81
26 55 81
22 42 28
42 22 28
40 31 10
31 40 10
94 31 27
31 94 27
10 15 55
15 10 55
20 12 61
12 20 61
92 60 70
60 92 70
59 21 21
21 59 21
11 92 65
92 11 65
21 98 80
98 21 80
69 64 23
64 69 23
62 83 83
83 62 83
9 52 29
52 9 29
35 85 95
85 35 95
13 20 57
20 13 57
76 84 49
84 76 49
4 65 10
65 4 10
29 1 63
1 29 63
1 61 55
61 1 55
74 25 82
25 74 82
20 94 71
94 20 71
10 41 99
41 10 99
24 9 1
9 24 1
74 32 11
32 74 11
68 75 39
75 68 39
24 6 33
6 24 33
9 39 35
39 9 35
47 30 77
30 47 77
